.Random.seed <-
c(403L, 10L, -428255542L, 794601516L, -1476333521L, -535621403L, 
1056471452L, -621411342L, 1176469101L, 797174695L, 742806990L, 
726156072L, -1893283541L, 172708681L, -1529382824L, 1305500934L, 
-1382106911L, -1038733197L, -77067038L, 867425364L, -255614633L, 
1209352525L, -31632156L, 632989898L, -1096153803L, -1092457585L, 
-2083016554L, 328740928L, -1642063613L, -668240607L, 1684510224L, 
-2039511570L, -2062124647L, -1147521493L, 351026970L, -2011666980L, 
2011892703L, -934462539L, -1882135220L, 1869190050L, 673831677L, 
-1329798153L, 1992826142L, -1103896616L, 972747067L, -220862759L, 
-400024984L, 273640342L, 570101521L, 382400707L, 321095890L, 
-1280725660L, 1848504487L, -542022147L, -1771423756L, 506577114L, 
-1599761883L, 161025855L, 1945812166L, -285085360L, -14737037L, 
-1187640431L, -1283850816L, -743131234L, 1719634281L, -119518821L, 
-219161430L, 1069796044L, -215542897L, 2138875845L, 758164348L, 
-1399753774L, -760716467L, 1610768903L, -1021435410L, 1500036296L, 
1507005387L, -1865140695L, 21052536L, -1804011098L, 821648321L, 
-161654701L, -948990206L, -666691020L, 836038583L, -1884917843L, 
936856772L, -2074967830L, -1072654507L, -1438250769L, 1131036406L, 
-1313158624L, 1353605091L, 145593473L, 1995596528L, -453662322L, 
1633224441L, 1014912139L, -630981446L, 1016780732L, -2006448897L, 
-2053978027L, 281754476L, 940053442L, 778458141L, 955581591L, 
-1542696450L, -240078408L, 1215561115L, 1284473849L, 1932847944L, 
-1921882506L, 1631657905L, 212124131L, 507659954L, -37340412L, 
999458887L, 1821220637L, -1560902252L, -683194054L, 969807237L, 
-508297633L, -1038399258L, -1206891664L, -851268461L, 57620785L, 
-657842208L, -1316576130L, -1602361591L, 1658734907L, 1813114122L, 
-1264040724L, -970043025L, -712108379L, 291489884L, 425836594L, 
1653708589L, -245369369L, 1912432910L, 15863528L, 1427144939L, 
63406473L, -861986536L, 485069894L, 1649319073L, -660446413L, 
-1190991198L, 747938196L, -853225449L, -67573747L, 27090212L, 
-888002294L, 276906101L, -992212017L, -292709162L, 672361600L, 
2090021571L, 305519713L, 820436176L, -79466962L, 709717977L, 
-761229333L, -1838553510L, 1842552860L, -1182229217L, 1062280565L, 
597052428L, 61623778L, -1799246147L, -601675465L, -228430370L, 
177988376L, -2001360261L, 1109313561L, -1037533016L, -517660074L, 
-56693039L, -456032637L, -1627237102L, 680091812L, 1448935527L, 
1123725757L, -895182028L, 315191450L, -1360324891L, 888701055L, 
1731099142L, -72243824L, 346658867L, 1042560977L, 210427264L, 
1748070494L, -154902615L, -1268570533L, 589027946L, 178136844L, 
731369807L, -776992251L, -136496964L, -306105966L, 793062029L, 
-978929465L, 1992109486L, 714479624L, 1180675083L, 1001302249L, 
-95418440L, 1190043750L, -2097286911L, 116664211L, -1711957950L, 
1825992692L, -1536054793L, 986766829L, 1008692868L, -902975318L, 
-362037739L, 737796783L, -369338186L, 611628768L, -1954805213L, 
969372993L, -1274386384L, -1159654834L, -2078337351L, 1781756619L, 
1868022650L, 1226674812L, 1092568767L, 1005734272L, 1403984404L, 
274910760L, -1702956742L, -408552496L, -794263956L, -2000792780L, 
1121620626L, -531880608L, 472063308L, 621269984L, 174059426L, 
1723989928L, 2063550348L, 1527597756L, -2044636302L, 1896016112L, 
728368196L, 665961816L, 1643036730L, 1113936752L, 1315419196L, 
282860308L, -256776766L, 1605426400L, 921304956L, 1439454928L, 
-1723127134L, -471464920L, -888033012L, 2009013180L, -2132992718L, 
-845002816L, -1866230220L, -376527928L, -584401734L, 973717392L, 
429359596L, -1282280364L, -1924298094L, -372233440L, -960157236L, 
-22785056L, -1995518270L, 109303336L, 1200688812L, -1249460548L, 
1878884850L, -772820688L, -214030172L, -943351112L, -161867942L, 
1986448784L, 885464444L, 926664980L, 1297974594L, -65391872L, 
-1924553796L, 1427895120L, -573006558L, 756648264L, -1769890804L, 
-1255443364L, -1322679086L, 1218999296L, 1556727636L, 1970944488L, 
1952211962L, -1555348784L, -791835348L, 1170851060L, 1471943570L, 
449582176L, 1417402636L, -1699949856L, -1531962014L, -1375865176L, 
-1313800628L, -1735470212L, -1488781518L, 1734265456L, -1563291324L, 
-403273768L, -1532586886L, -1766495696L, -378046788L, 304514900L, 
-92891582L, -674736224L, -1981848388L, -2009050672L, 1959326050L, 
-960966680L, -1479945268L, -1682639108L, 1606734834L, 533982336L, 
2087921908L, 1304469640L, -461942470L, -287962288L, 481251436L, 
-345903980L, 2067371346L, 49830624L, -1088676660L, -470645600L, 
1307854210L, -1785629464L, -169188116L, -197375940L, 316615794L, 
-426480528L, -1158393308L, -649136584L, 705004058L, 2055318736L, 
-791597508L, -42506092L, -1123011454L, 272651200L, -978998980L, 
1564085904L, 301986850L, 78872584L, -70876020L, 781057052L, 1551569042L, 
-1668924288L, -1185969132L, 804153128L, -1819537350L, -1195173680L, 
1231626348L, -783853900L, -528991214L, -454626336L, 240960460L, 
-1550767648L, 589985826L, 2021526824L, 1628684556L, -1772936644L, 
-1585829646L, 2042899696L, 1886601028L, 326556760L, -2144059846L, 
-125126416L, -1369045316L, -576355820L, -1728707390L, 1224448608L, 
372736380L, -1270883120L, 1242107938L, -1564502872L, -1984990836L, 
-686337604L, -994653134L, 1585319744L, 918309556L, 734715208L, 
915609274L, -866841840L, 1996593388L, 1440369748L, -922799342L, 
1356008864L, 1587423180L, 1238137696L, 882379970L, 501609000L, 
-658514516L, 1703867196L, -451821710L, 892301104L, 1083558948L, 
-814935496L, 853645018L, 495575952L, 1428300028L, 1829317012L, 
1916267330L, -1713294848L, -1070631876L, -304182704L, 1511085218L, 
-842918072L, 64816652L, 190973660L, -537239470L, -1035476864L, 
980599636L, -348376088L, -1262378246L, 72208208L, -217903060L, 
-1465634444L, -866960750L, -1673973152L, 822840460L, -311837344L, 
935100642L, 1573202088L, 1137222348L, 1271498236L, 1547007922L, 
218300400L, 1743519172L, 261331288L, 342871418L, -1770443344L, 
-871728708L, 256584276L, 1902525890L, 2134874912L, 1249590204L, 
730424400L, 176285666L, 446327656L, -2096351412L, 1339955964L, 
747180786L, -1945796352L, 47293556L, -547726840L, 212768687L, 
-1603083160L, 538118214L, 1542143475L, -702154411L, 1871121202L, 
-1864601856L, -1539376151L, -1324349861L, -219768660L, 1967165114L, 
-1788212113L, 1235487225L, -1148277618L, 96142684L, 1992668621L, 
403077431L, -1749785664L, 719608990L, -658030229L, 1505900781L, 
-968220326L, 331299352L, 161630081L, 2005697843L, -1923617964L, 
1649835362L, 102538743L, -689727935L, 39293638L, 1757824004L, 
605049781L, -831656801L, 227813624L, -2006556458L, 2018036067L, 
680404261L, -1799871806L, -1062318160L, 1446851545L, -1243570869L, 
494738364L, -569424918L, 953164831L, 1991860905L, -801659330L, 
-982230228L, -1689315971L, -405267513L, 1125116592L, -1486530354L, 
1648562683L, 1704247901L, -1094795894L, 1757300136L, -964293871L, 
-134706685L, 347561220L, 8681778L, 838526855L, 656365009L, 851593046L, 
-1605692108L, 1286175813L, 2109629583L, -1211043320L, 875114022L, 
-1294379309L, -1722611659L, 98805650L, 250337120L, -160918839L, 
848819707L, -1865358900L, -1957574566L, 561739087L, -29983719L, 
302137902L, -1630437316L, 981837229L, 888837719L, 346580896L, 
-1094466306L, 1520146379L, -985751091L, 2083845370L, 239359800L, 
861684961L, -1697781869L, 2003073972L, -1830219582L, -550943529L, 
-638389983L, 749476070L, -1755722268L, -1478694635L, 1152377151L, 
-105698088L, 1058825462L, 1212047107L, -706209723L, -1352288158L, 
-543903792L, -2111539975L, 1431436843L, 1394010524L, -1239680566L, 
-264422721L, -1019933687L, 408677662L, -312749876L, -125946723L, 
-2113746649L, 2074227536L, -1083052562L, -1010558309L, 1241582845L, 
915805162L, -191789944L, 1880947249L, 1345416355L, 1189597348L, 
1046036818L, -106759001L, 1357396209L, 203354166L, 1963331796L, 
-743873435L, -1312055697L, 992452776L, 1600105990L, 71814963L, 
-674763883L, -1963466766L, -354280384L, 1248847273L, -1794962405L, 
-1266890260L, -1752362502L, -609290705L, 1127182905L, -623055794L, 
-1943759716L, 78759437L, 194947703L, -660465024L, 1604096222L, 
1395956651L, -1101646675L, 1232382234L, -1336386088L, 1502291521L, 
